name: hartmann4
benchmark: hartmann4
num_iters: 80
num_init: 5
parameters: [null]
bounds: [[0, 1], [0, 1], [0, 1], [0, 1]]
prior_location: [0.18740230798721313, 0.19414587318897247, 0.5579161047935486, 0.26477691531181335]
noise_std: 0.25
prior_value: 3.13449
prior_confidence: 0.5